0 0 A 0 A 0 0 0 0 0 A 0 A 0 0 4
0 0 A 0 0 0 0 0 A 0 A A 0 0 0 4
0 0 0 0 0 A 0 A 0 0 0 0 A 0 A 2
0 0 A A 0 0 0 0 0 A 0 0 0 0 0 4
A 0 0 0 0 0 0 0 0 0 0 0 0 A A 2
0 0 A 0 0 A 0 0 0 0 0 A 0 0 0 3
0 0 A 0 0 0 0 A 0 0 0 0 0 A 0 3
0 0 0 0 0 A 0 0 A 0 0 0 A 0 0 3
0 A A 0 0 0 0 0 0 A 0 0 0 0 0 3
0 0 0 0 A 0 0 0 0 0 0 A 0 0 0 2
A 0 A 0 0 A 0 0 0 0 0 0 0 0 0 3
0 0 0 0 0 0 0 A A 0 0 0 0 0 0 4
A 0 0 0 0 A 0 0 0 A 0 0 0 0 A 2
0 0 A 0 0 0 0 0 0 0 A 0 0 A 0 4
0 0 0 0 0 A 0 0 0 0 0 0 0 0 0 2
4 1 5 3 2 4 2 4 0 6 1 4 3 1 5 
