0 A 0 0 0 0 0 A 0 A 0 0 0 A A 5
0 0 0 0 0 0 0 0 0 0 A 0 0 0 0 1
0 0 A 0 A 0 A 0 0 0 0 0 A 0 0 4
0 A 0 0 0 A 0 0 0 A 0 0 0 0 0 3
0 A 0 A 0 0 0 A 0 A 0 0 A 0 0 2
0 0 0 0 0 A 0 0 0 0 A 0 0 0 0 5
A 0 A 0 A 0 0 A 0 0 A 0 0 0 0 0
0 0 0 0 0 0 0 0 0 0 0 0 0 0 0 6
0 0 0 0 0 A 0 0 0 0 A 0 0 A 0 1
0 0 0 A 0 0 0 0 0 A 0 0 0 0 0 2
0 0 0 A 0 A 0 0 0 0 A 0 0 0 0 4
A 0 0 0 0 0 0 0 0 A 0 0 A A 0 2
0 A 0 0 0 0 0 0 0 0 0 0 0 0 0 3
A A 0 0 0 A 0 0 0 0 0 0 0 0 0 2
0 0 0 A 0 0 0 0 0 A 0 A 0 0 A 5
6 2 3 3 2 4 3 2 2 4 3 3 3 4 1 
