0 0 0 0 A 0 0 0 A 0 A 0 0 0 0 4
0 0 A A 0 A 0 0 0 0 0 0 0 0 0 2
0 0 0 0 0 0 A 0 0 0 0 0 0 A A 3
0 0 0 0 0 0 0 0 0 0 A 0 0 0 0 2
0 0 0 A 0 A 0 0 0 0 0 A 0 0 A 3
A 0 0 0 0 0 0 0 0 A 0 0 A 0 0 3
0 0 0 0 0 0 0 0 0 0 0 0 0 0 A 2
0 0 0 0 A 0 0 A A 0 0 A 0 0 0 2
A A A 0 0 0 0 0 0 0 0 0 0 A A 3
0 0 0 0 A 0 0 0 0 0 0 0 0 0 0 4
A 0 0 0 0 A 0 0 A A 0 0 A 0 0 2
0 0 0 0 A 0 A 0 0 0 0 0 0 0 0 4
0 A 0 0 0 0 0 0 0 0 A 0 0 0 0 4
0 A 0 0 0 0 A 0 0 0 A A 0 0 A 4
0 0 0 A A 0 0 0 0 0 0 0 0 A 0 3
4 2 3 3 3 3 3 3 2 4 2 1 5 1 6 
