A 0 0 0 A 0 A 0 A 0 0 A 0 0 0 6
0 A 0 0 0 0 0 A 0 0 A 0 0 0 A 2
0 0 0 0 A 0 A A 0 A 0 0 0 0 0 2
0 0 A 0 0 0 0 0 0 0 A 0 0 0 0 5
0 0 0 0 0 0 0 0 A 0 A 0 0 0 A 1
0 0 0 0 0 0 0 A 0 0 0 0 0 0 0 5
0 A 0 0 A 0 A 0 0 0 0 0 A A 0 1
A 0 0 A 0 0 0 0 0 0 0 0 0 0 0 4
A 0 0 0 0 0 0 0 0 A 0 0 0 0 0 1
0 0 0 0 A 0 A 0 0 0 A 0 0 0 0 2
0 0 0 0 0 0 0 0 0 0 0 0 0 A A 5
A 0 A 0 0 0 A 0 0 0 A 0 0 0 0 0
0 0 0 0 0 A 0 0 A 0 0 0 A A 0 5
0 0 0 0 A 0 0 0 0 0 0 0 0 0 0 3
0 0 0 0 A 0 0 0 0 0 0 A A 0 0 3
3 3 2 3 4 3 4 2 3 2 5 2 3 2 4 
