0 A 0 A 0 0 0 0 0 0 0 0 0 A 0 3
0 0 0 0 0 A 0 0 0 A 0 A 0 A 0 5
0 0 0 A A 0 0 0 0 A 0 0 A 0 0 0
A 0 A 0 0 0 0 0 0 0 0 0 0 0 0 4
0 0 0 0 0 0 0 0 A A 0 0 0 A 0 5
A 0 0 0 0 A 0 0 A 0 A A 0 0 0 2
0 0 0 A 0 0 0 0 0 0 0 0 0 0 0 4
0 0 0 0 0 0 0 0 0 0 0 A 0 0 A 3
0 0 A A A 0 A A 0 0 0 0 0 0 0 3
0 0 A 0 0 0 0 0 0 A A 0 0 0 A 3
A 0 0 0 0 0 0 0 A 0 0 0 A 0 0 1
0 0 0 A 0 0 0 0 0 0 0 0 0 0 0 6
0 0 0 0 A 0 A 0 A 0 0 0 0 A A 0
A 0 A 0 0 0 0 0 0 A 0 0 0 0 0 5
0 0 0 0 0 0 0 0 0 0 0 0 0 0 0 1
5 2 3 4 3 1 3 2 4 2 5 1 4 1 5 
