0 0 0 0 A 0 A 0 0 0 0 0 A 0 0 5
A 0 0 0 0 0 A 0 0 0 0 0 0 0 A 2
0 A 0 0 0 0 0 A 0 A 0 0 0 0 0 2
A 0 0 0 0 A 0 0 0 0 A 0 0 A 0 2
0 0 0 A 0 0 0 0 0 0 0 A 0 0 0 4
0 A 0 0 0 0 0 0 A 0 0 0 0 0 A 3
0 0 0 0 0 A A 0 0 0 A 0 0 A 0 2
0 A 0 0 0 0 0 A 0 0 0 0 0 0 0 5
0 0 A 0 0 0 A 0 0 0 0 0 0 0 A 1
0 A 0 0 A 0 0 0 0 0 0 0 A 0 0 6
0 0 0 A 0 A 0 A 0 A 0 0 0 A 0 0
0 0 0 0 0 0 0 0 0 A 0 0 0 0 0 5
A 0 0 0 0 0 0 0 0 0 0 0 0 A 0 1
A 0 0 0 A 0 0 0 0 0 0 A 0 0 0 2
0 0 A 0 0 0 0 0 A 0 A 0 0 A 0 5
6 1 2 4 2 4 2 5 1 4 2 2 3 3 4 
