0 0 A 0 0 0 A A 0 0 0 0 0 0 0 3
0 A 0 0 A 0 0 0 0 0 0 A 0 A 0 3
0 0 0 0 0 0 A 0 A 0 0 0 A 0 0 3
0 0 0 0 A 0 0 0 0 A 0 0 0 0 A 3
0 A 0 0 A 0 0 0 0 0 0 0 A 0 0 3
0 0 0 0 0 A 0 0 0 0 A 0 0 0 0 3
0 0 A 0 0 A 0 A 0 0 0 0 A 0 0 2
A 0 0 0 0 0 0 0 0 A 0 0 0 0 0 4
0 A 0 0 0 0 A 0 A 0 0 0 0 A 0 2
0 0 0 0 0 A 0 0 0 0 A 0 A 0 0 3
0 0 0 0 A 0 0 0 0 0 0 0 0 0 0 3
A A 0 0 0 A 0 0 0 0 0 0 A 0 0 2
0 0 0 A 0 A 0 0 0 A 0 A 0 0 0 5
0 0 0 0 0 0 0 0 0 0 0 0 0 0 A 2
0 0 A 0 0 0 0 A 0 0 0 A 0 A 0 4
4 4 1 3 3 3 4 2 4 2 4 0 6 0 5 
