0 0 0 0 0 0 0 0 0 0 A 0 A 0 0 3
0 A 0 0 0 A 0 0 0 0 A 0 0 0 0 3
0 A 0 0 0 0 0 A A 0 0 0 0 A 0 2
0 0 0 A 0 0 A 0 0 0 0 0 0 0 0 4
A 0 A 0 0 0 A 0 A 0 0 0 A A A 0
0 0 0 0 0 0 0 0 0 A 0 0 0 0 0 7
0 0 0 A 0 0 A 0 0 0 0 0 A 0 0 1
0 0 0 0 A 0 0 0 0 A 0 0 0 A 0 4
0 A 0 A 0 0 0 0 A 0 A 0 0 0 0 3
0 0 A 0 A 0 0 0 0 0 0 0 0 0 0 3
0 A 0 0 0 0 0 0 0 0 0 A 0 0 0 3
0 0 A 0 0 0 0 0 0 0 A 0 0 A 0 4
0 0 0 0 0 A 0 A A 0 A 0 A 0 0 1
0 0 A 0 0 A 0 0 0 0 0 0 0 0 0 5
0 0 A 0 0 0 0 0 0 0 0 0 0 A 0 2
4 2 5 1 3 3 3 2 4 2 5 2 3 3 3 
