0 0 A 0 0 0 0 0 0 0 0 A 0 0 0 2
0 0 A 0 0 0 A 0 A 0 0 0 0 0 0 4
0 A 0 0 A 0 0 0 0 0 0 0 0 0 A 4
0 0 0 0 A 0 0 A 0 A A 0 A 0 0 2
0 0 0 0 A 0 0 0 0 0 0 0 0 A A 3
0 A 0 0 0 0 0 0 A A 0 0 0 0 0 3
0 0 0 A 0 A 0 0 0 0 0 A 0 A 0 5
A 0 A 0 0 0 A 0 0 0 0 0 0 0 A 1
0 0 0 0 0 A 0 A 0 0 0 0 0 0 0 6
0 0 A 0 0 0 0 0 0 0 0 0 0 0 A 0
A 0 0 0 A 0 0 A 0 0 0 0 A 0 0 4
0 0 0 0 0 0 0 0 0 0 A 0 0 0 A 4
A 0 0 0 0 0 0 0 A 0 0 0 0 0 A 0
0 A 0 A 0 0 0 0 0 0 0 0 A 0 0 5
0 0 0 0 0 0 A 0 A 0 0 0 0 0 0 2
5 1 4 2 4 2 3 3 3 2 4 2 4 0 6 
