0 0 A 0 A 0 0 0 A 0 0 A 0 0 0 5
0 A 0 A 0 0 0 0 0 0 0 0 0 0 0 2
0 0 0 0 A 0 0 A 0 0 0 A 0 0 A 5
0 A 0 A 0 0 0 0 0 0 A 0 0 0 0 0
0 A 0 0 0 0 0 0 A 0 0 0 0 0 0 6
0 A 0 0 A 0 0 A 0 A 0 A A 0 A 1
0 0 0 0 A 0 0 0 0 0 0 0 0 0 0 3
0 0 0 0 0 A 0 0 0 0 0 0 0 0 0 3
0 0 0 A 0 0 0 0 A 0 0 A 0 A A 3
A 0 0 A 0 A 0 0 0 0 0 0 0 0 0 1
0 0 0 0 0 0 0 0 A 0 0 0 0 0 0 4
0 0 0 0 0 0 0 0 0 0 0 0 0 0 A 2
0 0 0 0 0 0 0 A 0 0 0 A 0 0 0 2
0 0 A 0 0 A 0 0 0 0 A 0 0 A 0 4
A 0 A 0 0 0 A 0 0 A 0 A 0 0 0 4
3 3 2 5 2 4 2 3 2 4 3 2 5 0 5 
